56
36 0 1 2 3 4 5 6 7 8 9 10 11 12 13 14 15 16 17 18 19 20 21 22 23 24 25 26 27 28 29 30 31 32 33 34 35 
7 36 37 38 39 40 41 42 
0 2 0
1 3 0
2 2 16
3 2 0
4 2 29
5 3 0
6 2 16
7 2 0
8 2 29
9 3 0
10 2 16
11 2 0
12 2 29
13 3 0
14 2 16
15 2 0
16 2 29
17 3 0
18 2 16
19 2 0
20 2 29
21 3 0
22 2 16
23 2 0
24 2 29
25 3 0
26 2 16
27 2 0
28 2 29
29 3 0
30 2 16
31 2 0
32 2 29
33 3 0
34 2 16
35 2 29
36 9 47
37 25 31
38 38 18
39 55 1
40 56 0
41 56 0
42 56 0
43 3 0
44 5 13
45 3 0
46 5 13
47 3 0
48 5 13
49 3 0
50 5 13
51 3 0
52 5 13
53 3 0
54 5 13
55 3 0
56 5 13
57 3 0
58 5 13
59 3 0
60 5 13
61 5 0
62 6 13
63 6 26
64 5 0
65 5 0
66 5 0
67 5 0
68 5 0
69 5 0
70 5 0
71 5 0
72 6 13
73 6 26
74 6 13
75 6 26
76 6 13
77 6 26
78 6 13
79 6 26
80 6 13
81 6 26
82 6 13
83 6 26
84 6 13
85 6 26
86 6 13
87 6 26
88 8 0
89 17 0
90 17 29
91 9 47
92 19 0
93 19 0
94 19 0
95 19 0
96 19 0
97 19 0
98 18 35
99 19 0
100 18 32
101 19 0
102 18 29
103 19 0
104 18 29
105 18 31
106 18 32
107 18 32
108 18 33
109 18 35
110 21 0
111 20 13
112 21 0
113 21 0
114 21 0
115 21 0
116 21 0
117 21 0
118 21 0
119 21 0
120 20 13
121 20 13
122 20 13
123 20 13
124 20 13
125 20 13
126 20 13
127 20 13
128 24 0
129 21 13
130 21 13
131 21 13
132 21 13
133 21 13
134 21 13
135 21 13
136 21 13
137 21 13
138 33 0
139 33 13
140 25 31
141 34 0
142 34 0
143 34 0
144 34 0
145 34 19
146 34 0
147 34 16
148 34 0
149 34 13
150 34 0
151 34 13
152 34 0
153 34 15
154 34 0
155 34 16
156 34 16
157 34 17
158 34 19
159 35 0
160 35 0
161 35 0
162 35 0
163 35 0
164 35 0
165 35 0
166 35 0
167 35 0
168 37 0
169 46 0
170 38 18
171 47 6
172 47 3
173 47 0
174 47 0
175 47 2
176 47 3
177 47 3
178 47 4
179 47 6
180 48 6
181 51 3
182 53 0
183 52 0
184 51 2
185 49 3
186 50 3
187 49 4
188 48 6
189 49 6
190 54 1
191 53 0
192 50 3
193 51 3
194 50 4
195 55 1
196 55 0
197 55 0
198 53 2
199 54 1
200 56 0
201 56 0
202 56 0
