91
207 0 1 2 3 4 5 6 7 8 9 10 11 12 13 14 15 16 17 18 19 20 21 22 23 24 25 26 27 28 29 30 31 32 33 34 35 36 37 38 39 40 41 42 43 44 45 46 47 48 49 50 51 52 53 54 55 56 57 58 59 60 61 62 63 64 65 66 67 68 69 70 71 72 73 74 75 76 77 78 79 80 81 82 83 84 85 86 87 88 89 90 91 92 93 94 95 96 97 98 99 100 101 102 103 104 105 106 107 108 109 110 111 112 113 114 115 116 117 118 119 120 121 122 123 124 125 126 127 128 129 130 131 132 133 134 135 136 137 138 139 140 141 142 143 144 145 146 147 148 149 150 151 152 153 154 155 156 157 158 159 160 161 162 163 164 165 166 167 168 169 170 171 172 173 174 175 176 177 178 179 180 181 182 183 184 185 186 187 188 189 190 191 192 193 194 195 196 197 198 199 200 201 202 203 204 205 206 
108 207 208 209 210 211 212 213 214 215 216 217 218 219 220 221 222 223 224 225 226 227 228 229 230 231 232 233 234 235 236 237 238 239 240 241 242 243 244 245 246 247 248 249 250 251 252 253 254 255 256 257 258 259 260 261 262 263 264 265 266 267 268 269 270 271 272 273 274 275 276 277 278 279 280 281 282 283 284 285 286 287 288 289 290 291 292 293 294 295 296 297 298 299 300 301 302 303 304 305 306 307 308 309 310 311 312 313 314 
0 3 83
1 3 84
2 2 15
3 2 15
4 2 86
5 4 0
6 2 32
7 2 22
8 2 25
9 2 34
10 2 38
11 2 38
12 2 30
13 2 67
14 2 46
15 2 39
16 1 66
17 1 65
18 1 64
19 1 63
20 1 88
21 1 68
22 1 63
23 1 63
24 1 62
25 1 61
26 1 62
27 1 59
28 1 63
29 2 46
30 1 68
31 2 67
32 1 62
33 1 65
34 1 63
35 1 64
36 1 65
37 1 64
38 1 64
39 1 61
40 1 62
41 1 68
42 1 62
43 1 61
44 1 60
45 1 61
46 1 65
47 1 65
48 4 75
49 2 22
50 2 25
51 2 47
52 2 40
53 2 22
54 1 60
55 1 59
56 1 65
57 1 65
58 1 65
59 1 68
60 2 67
61 2 31
62 2 32
63 2 39
64 2 34
65 2 38
66 1 86
67 1 86
68 2 32
69 2 25
70 2 67
71 2 22
72 2 31
73 1 85
74 1 32
75 1 85
76 1 46
77 1 39
78 1 34
79 1 38
80 1 46
81 1 33
82 1 23
83 1 26
84 1 68
85 1 85
86 1 89
87 1 74
88 1 74
89 1 64
90 1 64
91 1 64
92 1 64
93 1 66
94 1 63
95 1 85
96 1 58
97 1 59
98 1 60
99 1 61
100 1 58
101 1 60
102 1 61
103 1 62
104 1 68
105 1 85
106 1 85
107 1 85
108 1 85
109 1 85
110 1 65
111 1 85
112 1 61
113 1 62
114 1 63
115 1 64
116 1 61
117 1 62
118 1 63
119 1 64
120 1 68
121 1 66
122 1 85
123 1 63
124 1 64
125 1 65
126 1 66
127 1 62
128 1 63
129 1 64
130 1 65
131 1 68
132 1 31
133 1 85
134 1 74
135 1 74
136 1 51
137 1 32
138 1 22
139 1 25
140 1 32
141 1 85
142 1 47
143 1 40
144 1 35
145 1 39
146 1 47
147 1 33
148 1 23
149 1 26
150 1 68
151 1 85
152 1 31
153 1 85
154 1 48
155 1 40
156 1 35
157 1 39
158 1 41
159 1 33
160 1 23
161 1 26
162 1 68
163 1 85
164 1 90
165 2 88
166 2 67
167 2 66
168 2 32
169 2 26
170 2 33
171 2 52
172 3 46
173 3 43
174 2 67
175 2 66
176 2 32
177 2 26
178 2 23
179 2 33
180 3 47
181 2 39
182 2 35
183 3 40
184 3 47
185 2 66
186 2 30
187 2 26
188 2 23
189 2 33
190 2 41
191 2 39
192 2 35
193 2 40
194 2 48
195 2 66
196 2 32
197 2 26
198 2 23
199 2 33
200 2 47
201 2 39
202 2 35
203 2 40
204 2 47
205 14 46
206 4 42
207 1 90
208 4 87
209 4 87
210 3 88
211 3 88
212 3 88
213 3 88
214 4 87
215 4 87
216 3 88
217 3 88
218 3 88
219 3 88
220 4 87
221 3 88
222 3 88
223 4 87
224 4 87
225 3 88
226 3 88
227 3 88
228 3 88
229 3 88
230 3 88
231 3 88
232 3 88
233 3 88
234 3 88
235 3 88
236 3 88
237 3 88
238 3 88
239 3 88
240 3 88
241 3 88
242 3 88
243 3 88
244 3 88
245 3 88
246 3 88
247 3 88
248 5 86
249 4 87
250 4 87
251 4 87
252 4 87
253 6 85
254 5 86
255 6 85
256 5 86
257 6 85
258 6 85
259 5 86
260 7 84
261 8 83
262 8 83
263 47 44
264 54 37
265 47 44
266 47 44
267 59 32
268 50 41
269 50 41
270 49 42
271 48 43
272 60 31
273 60 31
274 60 31
275 60 31
276 50 41
277 47 44
278 45 46
279 53 38
280 64 27
281 64 27
282 52 39
283 66 25
284 65 26
285 65 26
286 65 26
287 65 26
288 65 26
289 65 26
290 65 26
291 65 26
292 52 39
293 69 22
294 71 20
295 71 20
296 71 20
297 71 20
298 70 21
299 71 20
300 71 20
301 71 20
302 71 20
303 71 20
304 71 20
305 71 20
306 71 20
307 77 14
308 77 14
309 77 14
310 77 14
311 87 4
312 87 4
313 91 0
314 91 0
315 4 87
316 4 87
317 2 88
318 3 86
319 3 88
320 3 88
321 3 88
322 3 88
323 4 87
324 4 87
325 3 85
326 3 88
327 3 88
328 3 88
329 3 88
330 4 87
331 3 88
332 3 88
333 4 87
334 4 87
335 3 85
336 3 88
337 3 88
338 3 88
339 3 88
340 3 88
341 3 88
342 3 88
343 3 88
344 3 88
345 3 88
346 3 88
347 3 88
348 3 88
349 3 88
350 3 88
351 3 88
352 3 88
353 3 88
354 3 88
355 3 85
356 3 85
357 3 88
358 4 86
359 5 83
360 5 85
361 5 84
362 7 47
363 7 40
364 7 47
365 12 38
366 4 86
367 5 51
368 5 15
369 6 66
370 3 67
371 3 66
372 3 88
373 8 32
374 7 26
375 4 22
376 7 33
377 7 52
378 4 72
379 4 72
380 3 63
381 9 0
382 9 40
383 5 45
384 9 14
385 8 27
386 8 42
387 3 67
388 3 66
389 3 88
390 8 32
391 7 26
392 7 23
393 7 33
394 4 56
395 9 39
396 7 35
397 4 57
398 4 56
399 18 63
400 3 66
401 4 30
402 7 26
403 7 23
404 7 33
405 7 41
406 9 39
407 7 35
408 7 40
409 7 48
410 3 66
411 3 88
412 8 32
413 7 26
414 7 23
415 7 33
416 7 47
417 9 39
418 7 35
419 7 40
420 7 47
421 16 72
422 5 86
423 4 87
424 4 87
425 4 87
426 4 87
427 4 85
428 4 85
429 6 85
430 5 86
431 11 45
432 5 66
433 6 66
434 6 84
435 6 85
436 5 86
437 6 85
438 6 85
439 5 86
440 17 72
441 7 83
442 10 57
443 15 46
444 8 59
445 13 50
446 10 51
447 15 40
448 10 27
449 15 16
450 16 48
451 13 71
452 15 41
453 15 4
454 8 22
455 13 0
456 11 41
457 13 38
458 14 45
459 21 63
460 7 66
461 10 15
462 15 4
463 8 46
464 13 37
465 15 46
466 15 14
467 14 43
468 15 41
469 15 40
470 10 42
471 14 38
472 9 52
473 9 33
474 9 26
475 14 44
476 10 32
477 10 65
478 14 61
479 14 63
480 9 60
481 9 57
482 9 57
483 10 59
484 9 49
485 9 40
486 9 35
487 9 48
488 9 33
489 9 23
490 9 26
491 11 39
492 10 32
493 9 47
494 9 43
495 9 43
496 11 46
497 9 47
498 9 44
499 9 43
500 9 44
501 10 46
502 9 48
503 9 44
504 9 44
505 11 47
506 9 41
507 9 38
508 9 37
509 9 38
510 9 50
511 9 40
512 9 35
513 9 48
514 9 33
515 9 23
516 9 26
517 11 39
518 8 66
519 8 67
520 9 47
521 9 43
522 9 43
523 11 46
524 9 47
525 9 44
526 9 43
527 9 44
528 10 46
529 9 49
530 9 40
531 9 35
532 9 48
533 9 33
534 9 23
535 9 26
536 11 39
537 10 32
538 7 84
539 8 83
540 17 46
541 14 68
542 7 77
543 13 45
544 14 54
545 13 64
546 14 69
547 8 66
548 8 83
549 16 52
550 20 46
551 16 50
552 16 50
553 16 50
554 16 50
555 14 52
556 14 62
557 14 62
558 20 40
559 20 16
560 16 44
561 16 47
562 16 46
563 16 45
564 16 44
565 16 32
566 16 24
567 16 20
568 16 25
569 16 32
570 11 42
571 15 38
572 10 52
573 10 33
574 10 26
575 15 44
576 11 32
577 11 65
578 15 61
579 15 63
580 10 60
581 10 57
582 10 57
583 11 59
584 20 41
585 20 4
586 16 54
587 16 49
588 16 48
589 16 47
590 16 46
591 16 54
592 16 18
593 16 12
594 16 9
595 16 19
596 10 49
597 10 40
598 10 35
599 10 48
600 10 33
601 10 23
602 10 26
603 12 39
604 11 32
605 10 47
606 10 43
607 10 43
608 12 46
609 10 47
610 10 44
611 10 43
612 10 44
613 11 46
614 17 41
615 19 12
616 17 41
617 19 0
618 19 45
619 19 0
620 15 55
621 15 53
622 15 52
623 15 51
624 15 50
625 10 48
626 10 44
627 10 44
628 12 47
629 10 41
630 10 38
631 10 37
632 10 38
633 10 50
634 10 40
635 10 35
636 10 48
637 10 33
638 10 23
639 10 26
640 12 39
641 20 4
642 16 37
643 16 17
644 16 11
645 16 8
646 16 18
647 14 39
648 14 62
649 14 62
650 9 66
651 8 75
652 9 67
653 10 47
654 10 43
655 10 43
656 12 46
657 10 47
658 10 44
659 10 43
660 10 44
661 11 46
662 20 46
663 20 14
664 16 54
665 16 51
666 16 51
667 16 51
668 16 51
669 16 51
670 16 61
671 16 61
672 19 43
673 19 12
674 15 48
675 15 51
676 15 50
677 15 49
678 15 48
679 10 49
680 10 40
681 10 35
682 10 48
683 10 33
684 10 23
685 10 26
686 12 39
687 11 32
688 19 39
689 19 38
690 19 40
691 19 39
692 20 41
693 20 40
694 16 54
695 16 49
696 16 48
697 16 47
698 16 46
699 16 45
700 16 48
701 16 47
702 16 46
703 16 45
704 10 22
705 10 55
706 9 66
707 15 39
708 16 38
709 14 45
710 16 44
711 15 62
712 16 61
713 14 64
714 16 63
715 15 69
716 9 66
717 10 66
718 15 54
719 19 49
720 16 68
721 21 48
722 21 46
723 21 46
724 21 46
725 21 46
726 17 50
727 17 60
728 17 60
729 21 40
730 21 43
731 21 42
732 21 41
733 21 40
734 21 28
735 21 20
736 21 16
737 21 21
738 21 28
739 25 38
740 11 22
741 15 45
742 20 61
743 15 64
744 11 55
745 21 49
746 21 44
747 21 43
748 21 42
749 21 41
750 21 49
751 21 13
752 21 7
753 21 4
754 21 14
755 22 41
756 24 12
757 18 46
758 18 50
759 18 49
760 18 48
761 18 47
762 20 23
763 20 21
764 20 17
765 20 22
766 20 30
767 22 41
768 24 0
769 18 52
770 18 49
771 18 48
772 18 47
773 18 46
774 20 50
775 20 14
776 20 8
777 20 5
778 20 15
779 24 0
780 20 50
781 20 48
782 20 47
783 20 46
784 20 45
785 20 50
786 20 13
787 20 8
788 20 5
789 20 15
790 21 48
791 21 13
792 21 7
793 21 4
794 21 14
795 17 37
796 17 60
797 17 60
798 10 66
799 10 66
800 10 67
801 21 49
802 21 46
803 21 46
804 21 46
805 21 46
806 21 46
807 21 56
808 21 56
809 21 14
810 21 49
811 24 12
812 20 43
813 20 46
814 20 45
815 20 44
816 20 43
817 20 29
818 20 21
819 20 17
820 20 22
821 20 29
822 24 39
823 24 38
824 20 50
825 20 47
826 20 46
827 20 45
828 20 44
829 20 43
830 20 46
831 20 45
832 20 44
833 20 43
834 24 40
835 24 39
836 20 50
837 20 50
838 20 47
839 20 46
840 20 45
841 20 44
842 20 48
843 20 47
844 20 46
845 20 45
846 21 49
847 21 44
848 21 43
849 21 42
850 21 41
851 21 40
852 21 43
853 21 42
854 21 41
855 21 40
856 22 48
857 24 46
858 24 46
859 24 46
860 24 46
861 20 50
862 24 40
863 24 43
864 24 42
865 24 41
866 24 40
867 26 28
868 28 20
869 26 16
870 26 21
871 26 28
872 21 44
873 19 63
874 17 68
875 24 44
876 24 43
877 24 42
878 24 41
879 27 13
880 26 7
881 26 4
882 26 14
883 22 48
884 23 47
885 23 46
886 23 45
887 27 13
888 26 7
889 26 4
890 26 14
891 22 37
892 12 66
893 11 66
894 24 46
895 24 46
896 24 46
897 24 46
898 24 46
899 26 14
900 23 49
901 23 43
902 23 46
903 23 45
904 23 44
905 23 43
906 22 48
907 24 44
908 24 43
909 24 42
910 24 41
911 24 40
912 24 43
913 24 42
914 24 41
915 24 40
916 20 49
917 19 60
918 19 60
919 19 60
920 19 60
921 23 49
922 23 49
923 23 56
924 23 56
925 22 50
926 23 49
927 23 49
928 26 58
929 26 44
930 26 44
931 26 38
932 21 63
933 23 41
934 23 45
935 23 44
936 23 43
937 23 42
938 25 18
939 25 16
940 25 12
941 25 17
942 25 25
943 23 47
944 23 44
945 23 43
946 23 42
947 23 41
948 25 45
949 25 9
950 25 3
951 25 0
952 25 10
953 25 45
954 25 8
955 25 3
956 25 0
957 25 10
958 12 66
959 25 24
960 25 16
961 25 12
962 25 17
963 25 24
964 25 45
965 25 42
966 25 41
967 25 40
968 25 39
969 25 38
970 25 41
971 25 40
972 25 39
973 25 38
974 25 45
975 25 45
976 25 42
977 25 41
978 25 40
979 25 39
980 25 43
981 25 42
982 25 41
983 25 40
984 27 53
985 27 53
986 22 61
987 22 62
988 24 48
989 24 48
990 23 52
991 29 29
992 31 19
993 32 17
994 34 15
995 28 57
996 29 58
997 26 44
998 28 38
999 26 40
1000 20 67
1001 23 55
1002 28 49
1003 29 48
1004 30 47
1005 32 45
1006 23 62
1007 24 63
1008 24 49
1009 27 45
1010 29 33
1011 30 26
1012 33 22
1013 27 42
1014 29 29
1015 31 19
1016 32 17
1017 34 15
1018 27 43
1019 29 40
1020 31 38
1021 34 35
1022 27 41
1023 28 39
1024 29 38
1025 30 37
1026 32 35
1027 26 41
1028 26 45
1029 26 44
1030 26 43
1031 26 42
1032 30 18
1033 32 16
1034 30 12
1035 30 17
1036 30 25
1037 26 44
1038 26 43
1039 26 42
1040 26 41
1041 31 9
1042 30 3
1043 30 0
1044 30 10
1045 27 8
1046 30 3
1047 30 0
1048 30 10
1049 25 55
1050 25 54
1051 25 54
1052 25 54
1053 25 54
1054 25 53
1055 25 53
1056 25 53
1057 25 53
1058 25 58
1059 25 57
1060 25 57
1061 25 57
1062 25 57
1063 15 66
1064 13 71
1065 24 49
1066 24 48
1067 30 24
1068 32 16
1069 30 12
1070 30 17
1071 30 24
1072 28 42
1073 28 41
1074 28 40
1075 28 39
1076 28 38
1077 28 41
1078 28 40
1079 28 39
1080 28 38
1081 23 50
1082 24 49
1083 28 42
1084 28 41
1085 28 40
1086 28 39
1087 28 43
1088 28 42
1089 28 41
1090 28 40
1091 24 49
1092 24 37
1093 28 14
1094 28 4
1095 28 7
1096 29 13
1097 23 53
1098 28 44
1099 23 53
1100 29 24
1101 24 45
1102 28 38
1103 28 37
1104 28 38
1105 29 40
1106 29 43
1107 28 44
1108 28 44
1109 24 48
1110 28 44
1111 20 60
1112 20 60
1113 26 46
1114 26 46
1115 26 46
1116 22 50
1117 26 46
1118 20 60
1119 20 60
1120 29 43
1121 28 44
1122 28 44
1123 28 44
1124 28 44
1125 28 47
1126 30 45
1127 28 47
1128 28 47
1129 28 30
1130 28 21
1131 28 16
1132 28 29
1133 28 14
1134 28 4
1135 28 7
1136 30 20
1137 29 13
1138 30 30
1139 29 24
1140 28 28
1141 28 24
1142 28 24
1143 30 27
1144 28 28
1145 28 25
1146 28 24
1147 28 25
1148 29 27
1149 30 55
1150 28 22
1151 28 14
1152 26 40
1153 26 40
1154 26 41
1155 26 41
1156 26 42
1157 26 42
1158 26 40
1159 26 40
1160 26 41
1161 26 41
1162 26 42
1163 26 42
1164 26 43
1165 26 43
1166 26 43
1167 26 43
1168 26 44
1169 26 44
1170 25 43
1171 25 44
1172 25 45
1173 25 43
1174 25 46
1175 26 46
1176 22 50
1177 26 47
1178 26 47
1179 26 48
1180 26 48
1181 26 49
1182 26 49
1183 26 50
1184 26 50
1185 26 46
1186 26 46
1187 26 46
1188 26 46
1189 26 46
1190 24 56
1191 24 56
1192 27 45
1193 27 45
1194 25 47
1195 25 47
1196 25 50
1197 25 50
1198 25 50
1199 25 50
1200 24 48
1201 25 47
1202 25 47
1203 25 47
1204 26 46
1205 26 46
1206 26 46
1207 26 46
1208 26 46
1209 26 49
1210 26 49
1211 26 49
1212 26 49
1213 25 45
1214 25 46
1215 25 47
1216 25 49
1217 26 46
1218 26 46
1219 26 46
1220 26 46
1221 26 46
1222 26 49
1223 26 49
1224 26 49
1225 26 49
1226 27 45
1227 27 45
1228 27 45
1229 23 62
1230 23 61
1231 23 63
1232 23 62
1233 25 48
1234 25 48
1235 16 71
1236 28 44
1237 28 53
1238 28 53
1239 21 60
1240 21 60
1241 21 60
1242 21 60
1243 25 56
1244 25 56
1245 25 38
1246 25 37
1247 29 15
1248 29 14
1249 29 5
1250 29 4
1251 29 8
1252 29 7
1253 30 14
1254 30 13
1255 29 59
1256 30 58
1257 25 46
1258 25 45
1259 29 39
1260 29 38
1261 29 38
1262 29 37
1263 29 39
1264 29 38
1265 30 41
1266 30 40
1267 24 64
1268 25 63
1269 24 61
1270 24 62
1271 30 43
1272 30 44
1273 29 44
1274 29 44
1275 25 48
1276 29 44
1277 27 46
1278 27 47
1279 27 46
1280 27 46
1281 23 50
1282 27 46
1283 30 43
1284 30 44
1285 29 44
1286 29 44
1287 29 44
1288 29 44
1289 29 31
1290 29 30
1291 29 22
1292 29 21
1293 29 17
1294 29 16
1295 29 30
1296 29 29
1297 29 15
1298 29 14
1299 29 5
1300 29 4
1301 29 8
1302 29 7
1303 31 21
1304 31 20
1305 30 14
1306 30 13
1307 29 29
1308 29 28
1309 29 25
1310 29 24
1311 29 25
1312 29 24
1313 31 28
1314 31 27
1315 29 29
1316 29 28
1317 29 26
1318 29 25
1319 29 25
1320 29 24
1321 29 26
1322 29 25
1323 30 28
1324 30 27
1325 31 55
1326 31 35
1327 33 32
1328 35 30
1329 38 27
1330 31 28
1331 32 26
1332 33 25
1333 34 24
1334 29 22
1335 31 37
1336 33 29
1337 34 22
1338 37 18
1339 31 36
1340 33 25
1341 35 15
1342 36 13
1343 29 14
1344 27 40
1345 27 40
1346 27 41
1347 27 41
1348 27 42
1349 27 42
1350 27 40
1351 27 40
1352 27 41
1353 27 41
1354 27 42
1355 27 42
1356 27 43
1357 27 43
1358 27 43
1359 27 43
1360 27 44
1361 27 44
1362 26 43
1363 29 48
1364 26 44
1365 29 47
1366 26 45
1367 29 47
1368 29 47
1369 26 43
1370 29 48
1371 29 47
1372 29 47
1373 29 47
1374 29 47
1375 26 46
1376 27 46
1377 23 50
1378 27 47
1379 27 47
1380 27 48
1381 27 48
1382 27 49
1383 27 49
1384 27 50
1385 27 50
1386 16 72
1387 31 37
1388 33 34
1389 35 32
1390 38 29
1391 31 35
1392 32 33
1393 33 32
1394 34 31
1395 36 29
1396 27 46
1397 27 47
1398 27 46
1399 27 46
1400 27 46
1401 27 46
1402 28 45
1403 28 45
1404 31 39
1405 33 29
1406 34 22
1407 37 18
1408 31 36
1409 33 25
1410 35 15
1411 36 13
1412 38 11
1413 26 47
1414 26 47
1415 25 48
1416 25 49
1417 26 47
1418 26 47
1419 26 47
1420 27 46
1421 27 47
1422 27 46
1423 27 46
1424 27 46
1425 27 46
1426 29 48
1427 29 47
1428 29 47
1429 29 47
1430 29 48
1431 26 45
1432 29 47
1433 26 46
1434 29 47
1435 26 47
1436 29 47
1437 25 51
1438 26 49
1439 32 8
1440 27 46
1441 27 47
1442 27 46
1443 27 46
1444 27 46
1445 27 46
1446 28 45
1447 28 45
1448 28 45
1449 30 38
1450 24 53
1451 30 38
1452 29 44
1453 24 53
1454 30 24
1455 36 16
1456 29 47
1457 31 45
1458 29 47
1459 29 47
1460 23 60
1461 23 60
1462 31 30
1463 35 25
1464 30 24
1465 36 16
1466 36 50
1467 32 25
1468 32 21
1469 32 21
1470 34 24
1471 32 18
1472 32 15
1473 32 14
1474 32 15
1475 34 51
1476 32 27
1477 32 17
1478 32 12
1479 32 25
1480 32 10
1481 32 0
1482 32 3
1483 34 16
1484 34 26
1485 30 38
1486 30 39
1487 30 40
1488 30 38
1489 30 39
1490 28 41
1491 30 40
1492 28 42
1493 30 41
1494 28 43
1495 30 41
1496 30 42
1497 28 44
1498 32 24
1499 32 20
1500 32 20
1501 34 23
1502 32 24
1503 32 21
1504 32 20
1505 32 21
1506 33 23
1507 34 51
1508 33 39
1509 32 40
1510 32 40
1511 32 40
1512 32 40
1513 32 43
1514 34 41
1515 32 43
1516 32 43
1517 29 43
1518 32 40
1519 32 40
1520 32 40
1521 32 40
1522 32 43
1523 34 41
1524 32 43
1525 32 43
1526 27 56
1527 32 26
1528 32 17
1529 32 12
1530 32 25
1531 32 10
1532 32 0
1533 32 3
1534 34 16
1535 33 9
1536 34 26
1537 33 20
1538 28 44
1539 28 44
1540 28 44
1541 28 44
1542 26 50
1543 26 50
1544 26 50
1545 26 50
1546 28 44
1547 28 47
1548 28 47
1549 28 47
1550 28 47
1551 27 49
1552 27 49
1553 27 49
1554 27 49
1555 30 40
1556 28 42
1557 30 41
1558 28 43
1559 30 42
1560 28 44
1561 30 39
1562 28 41
1563 30 40
1564 30 41
1565 30 42
1566 30 43
1567 28 45
1568 26 48
1569 27 49
1570 27 49
1571 27 49
1572 27 49
1573 30 42
1574 30 42
1575 30 42
1576 30 42
1577 30 45
1578 30 45
1579 30 45
1580 30 45
1581 30 42
1582 30 42
1583 30 42
1584 30 42
1585 30 42
1586 30 45
1587 30 45
1588 30 45
1589 30 45
1590 26 63
1591 31 58
1592 26 37
1593 30 14
1594 30 4
1595 30 7
1596 31 13
1597 26 45
1598 30 38
1599 30 37
1600 30 38
1601 31 40
1602 25 61
1603 25 62
1604 31 43
1605 30 44
1606 30 44
1607 29 45
1608 30 44
1609 28 46
1610 28 46
1611 28 46
1612 27 47
1613 28 46
1614 31 43
1615 30 44
1616 30 44
1617 30 44
1618 30 44
1619 30 30
1620 30 21
1621 30 16
1622 30 29
1623 30 14
1624 30 4
1625 30 7
1626 32 20
1627 31 13
1628 30 28
1629 30 24
1630 30 24
1631 32 27
1632 30 28
1633 30 25
1634 30 24
1635 30 25
1636 31 27
1637 28 40
1638 28 40
1639 28 41
1640 28 41
1641 28 42
1642 28 42
1643 28 40
1644 28 40
1645 28 41
1646 28 41
1647 28 42
1648 28 42
1649 28 43
1650 28 43
1651 28 43
1652 28 43
1653 28 44
1654 28 44
1655 28 46
1656 27 47
1657 28 47
1658 28 47
1659 28 48
1660 28 48
1661 28 49
1662 28 49
1663 28 50
1664 28 50
1665 17 71
1666 28 46
1667 28 46
1668 28 46
1669 28 46
1670 28 46
1671 26 48
1672 27 47
1673 27 47
1674 28 46
1675 28 46
1676 28 46
1677 28 46
1678 28 46
1679 28 46
1680 28 46
1681 28 46
1682 28 46
1683 28 46
1684 29 45
1685 29 45
1686 29 44
1687 31 46
1688 32 45
1689 30 47
1690 30 47
1691 27 50
1692 27 50
1693 27 50
1694 27 50
1695 28 49
1696 28 49
1697 28 49
1698 28 49
1699 28 49
1700 28 49
1701 28 49
1702 28 49
1703 18 71
1704 33 37
1705 43 14
1706 45 4
1707 42 7
1708 37 13
1709 32 45
1710 39 38
1711 40 37
1712 39 38
1713 37 40
1714 26 61
1715 34 43
1716 33 44
1717 32 44
1718 31 46
1719 31 46
1720 30 46
1721 34 43
1722 33 44
1723 32 44
1724 24 60
1725 24 60
1726 36 30
1727 40 21
1728 39 16
1729 37 29
1730 43 14
1731 45 4
1732 42 7
1733 37 20
1734 37 13
1735 36 28
1736 40 24
1737 40 24
1738 37 27
1739 36 28
1740 39 25
1741 40 24
1742 39 25
1743 37 27
1744 37 50
1745 33 26
1746 33 25
1747 33 22
1748 33 21
1749 33 22
1750 33 21
1751 35 25
1752 35 24
1753 33 19
1754 33 18
1755 33 16
1756 33 15
1757 33 15
1758 33 14
1759 33 16
1760 33 15
1761 37 21
1762 35 51
1763 33 28
1764 33 27
1765 33 18
1766 33 17
1767 33 13
1768 33 12
1769 33 26
1770 33 25
1771 33 11
1772 33 10
1773 33 1
1774 33 0
1775 33 4
1776 33 3
1777 39 10
1778 35 17
1779 35 16
1780 32 40
1781 31 41
1782 30 42
1783 33 40
1784 32 41
1785 31 42
1786 30 43
1787 29 43
1788 29 44
1789 31 38
1790 31 39
1791 31 39
1792 31 40
1793 31 40
1794 31 41
1795 31 38
1796 31 39
1797 31 39
1798 29 41
1799 31 40
1800 29 42
1801 31 41
1802 29 43
1803 31 41
1804 31 42
1805 31 42
1806 29 44
1807 33 46
1808 32 47
1809 31 48
1810 30 49
1811 29 50
1812 33 25
1813 33 24
1814 33 21
1815 33 20
1816 33 21
1817 33 20
1818 35 24
1819 35 23
1820 33 25
1821 33 24
1822 33 22
1823 33 21
1824 33 21
1825 33 20
1826 33 22
1827 33 21
1828 34 24
1829 34 23
1830 35 51
1831 31 46
1832 31 46
1833 30 46
1834 34 39
1835 34 40
1836 33 40
1837 33 40
1838 33 40
1839 33 40
1840 30 43
1841 30 44
1842 33 40
1843 33 40
1844 33 40
1845 33 40
1846 28 56
1847 33 27
1848 33 26
1849 33 18
1850 33 17
1851 33 13
1852 33 12
1853 33 26
1854 33 25
1855 33 11
1856 33 10
1857 33 1
1858 33 0
1859 33 4
1860 33 3
1861 35 17
1862 35 16
1863 34 10
1864 34 9
1865 29 44
1866 29 45
1867 29 44
1868 29 44
1869 29 45
1870 29 44
1871 29 48
1872 30 47
1873 29 44
1874 29 45
1875 31 46
1876 31 46
1877 30 46
1878 31 40
1879 29 42
1880 31 41
1881 29 43
1882 31 42
1883 29 44
1884 31 39
1885 29 41
1886 31 40
1887 31 41
1888 31 41
1889 31 42
1890 31 42
1891 31 43
1892 31 43
1893 29 45
1894 27 49
1895 27 48
1896 31 46
1897 31 46
1898 30 46
1899 32 45
1900 31 42
1901 31 42
1902 31 42
1903 31 42
1904 31 42
1905 31 43
1906 31 42
1907 31 42
1908 31 42
1909 31 42
1910 31 38
1911 31 39
1912 31 38
1913 31 39
1914 37 16
1915 32 47
1916 34 45
1917 36 25
1918 37 16
1919 34 16
1920 40 46
1921 34 8
1922 35 26
1923 39 21
1924 34 19
1925 40 46
1926 33 43
1927 35 41
1928 33 43
1929 33 43
1930 33 43
1931 35 41
1932 33 43
1933 33 43
1934 35 26
1935 39 21
1936 34 20
1937 40 12
1938 29 47
1939 29 47
1940 29 47
1941 29 47
1942 29 50
1943 29 50
1944 30 49
1945 30 49
1946 31 45
1947 31 45
1948 31 45
1949 31 45
1950 31 45
1951 31 45
1952 31 45
1953 31 45
1954 30 49
1955 30 49
1956 34 25
1957 34 21
1958 34 21
1959 36 24
1960 34 18
1961 34 15
1962 34 14
1963 34 15
1964 34 27
1965 34 17
1966 34 12
1967 34 25
1968 34 10
1969 34 0
1970 34 3
1971 36 16
1972 32 38
1973 32 39
1974 32 40
1975 32 38
1976 32 39
1977 31 40
1978 32 40
1979 31 41
1980 32 41
1981 31 42
1982 32 41
1983 32 42
1984 31 43
1985 34 24
1986 34 20
1987 34 20
1988 36 23
1989 34 24
1990 34 21
1991 34 20
1992 34 21
1993 35 23
1994 35 39
1995 34 40
1996 34 40
1997 34 40
1998 34 40
1999 31 43
2000 34 40
2001 34 40
2002 34 40
2003 34 40
2004 34 26
2005 34 17
2006 34 12
2007 34 25
2008 34 10
2009 34 0
2010 34 3
2011 36 16
2012 35 9
2013 30 44
2014 30 44
2015 30 44
2016 30 44
2017 30 44
2018 32 40
2019 31 41
2020 32 41
2021 31 42
2022 32 42
2023 31 43
2024 32 39
2025 31 40
2026 32 40
2027 32 41
2028 32 42
2029 32 43
2030 31 44
2031 28 48
2032 32 42
2033 32 42
2034 32 42
2035 32 42
2036 32 42
2037 32 42
2038 32 42
2039 32 42
2040 32 42
2041 32 38
2042 32 38
2043 35 42
2044 36 41
2045 34 43
2046 34 43
2047 35 42
2048 36 41
2049 34 43
2050 34 43
2051 30 47
2052 30 47
2053 30 47
2054 30 47
2055 32 45
2056 32 45
2057 32 45
2058 32 45
2059 32 45
2060 32 45
2061 32 45
2062 32 45
2063 38 51
2064 48 32
2065 34 41
2066 44 31
2067 46 29
2068 46 29
2069 44 15
2070 46 13
2071 46 13
2072 46 13
2073 44 14
2074 46 12
2075 46 12
2076 46 5
2077 46 5
2078 46 5
2079 46 4
2080 46 4
2081 43 9
2082 43 12
2083 42 37
2084 33 45
2085 40 38
2086 41 37
2087 41 37
2088 40 46
2089 41 45
2090 41 45
2091 41 45
2092 41 45
2093 40 46
2094 36 43
2095 35 44
2096 33 46
2097 33 46
2098 36 43
2099 35 44
2100 34 44
2101 34 44
2102 32 46
2103 32 46
2104 34 44
2105 34 44
2106 42 26
2107 37 35
2108 41 31
2109 41 31
2110 41 21
2111 41 21
2112 41 21
2113 41 21
2114 41 21
2115 40 16
2116 47 21
2117 38 31
2118 44 25
2119 46 23
2120 46 23
2121 44 15
2122 46 13
2123 46 13
2124 46 13
2125 44 14
2126 46 12
2127 46 12
2128 46 5
2129 46 5
2130 46 5
2131 46 4
2132 46 4
2133 43 9
2134 40 18
2135 43 12
2136 42 24
2137 37 33
2138 41 29
2139 41 29
2140 41 43
2141 41 43
2142 41 43
2143 41 42
2144 41 42
2145 41 43
2146 41 43
2147 41 42
2148 42 24
2149 37 31
2150 40 28
2151 41 27
2152 41 27
2153 40 46
2154 41 45
2155 41 45
2156 41 45
2157 41 45
2158 40 46
2159 40 25
2160 44 21
2161 44 21
2162 41 24
2163 40 18
2164 43 15
2165 44 14
2166 43 15
2167 35 17
2168 35 16
2169 41 46
2170 40 27
2171 44 17
2172 43 12
2173 41 25
2174 47 10
2175 49 0
2176 46 3
2177 41 16
2178 35 9
2179 35 8
2180 34 40
2181 33 47
2182 33 47
2183 33 47
2184 34 40
2185 34 45
2186 34 45
2187 34 45
2188 34 45
2189 36 38
2190 35 39
2191 34 40
2192 37 38
2193 36 39
2194 35 40
2195 34 41
2196 33 41
2197 33 42
2198 35 46
2199 34 49
2200 34 49
2201 34 49
2202 34 49
2203 40 24
2204 44 20
2205 44 20
2206 41 23
2207 40 24
2208 43 21
2209 44 20
2210 43 21
2211 41 23
2212 41 46
2213 33 46
2214 33 46
2215 38 39
2216 37 40
2217 36 40
2218 34 43
2219 37 40
2220 36 40
2221 32 46
2222 32 46
2223 40 26
2224 44 17
2225 43 12
2226 41 25
2227 47 10
2228 49 0
2229 46 3
2230 41 16
2231 41 9
2232 33 44
2233 33 44
2234 32 44
2235 31 48
2236 32 47
2237 32 44
2238 33 46
2239 33 46
2240 32 46
2241 32 46
2242 36 40
2243 35 41
2244 34 42
2245 37 39
2246 36 40
2247 35 41
2248 34 42
2249 33 43
2250 29 48
2251 33 46
2252 33 46
2253 34 45
2254 35 42
2255 34 42
2256 35 42
2257 35 42
2258 34 42
2259 32 46
2260 32 46
2261 39 49
2262 38 50
2263 41 47
2264 42 46
2265 41 47
2266 39 49
2267 34 54
2268 41 47
2269 42 46
2270 41 47
2271 34 38
2272 34 38
2273 39 26
2274 44 25
2275 35 38
2276 47 30
2277 45 36
2278 45 35
2279 39 25
2280 44 24
2281 35 37
2282 47 29
2283 33 47
2284 35 45
2285 39 29
2286 41 31
2287 38 38
2288 42 38
2289 39 29
2290 41 31
2291 38 38
2292 42 38
2293 39 26
2294 44 25
2295 39 34
2296 47 30
2297 45 36
2298 45 35
2299 39 25
2300 44 24
2301 39 33
2302 47 29
2303 38 48
2304 38 47
2305 42 44
2306 42 43
2307 42 43
2308 42 44
2309 40 21
2310 35 19
2311 41 11
2312 31 49
2313 31 49
2314 30 50
2315 30 50
2316 36 43
2317 38 41
2318 36 43
2319 38 41
2320 40 21
2321 41 12
2322 32 47
2323 32 47
2324 31 49
2325 31 49
2326 34 45
2327 34 45
2328 34 45
2329 34 45
2330 49 29
2331 45 9
2332 43 37
2333 42 31
2334 42 16
2335 49 23
2336 45 9
2337 42 29
2338 43 27
2339 36 16
2340 36 8
2341 34 47
2342 35 45
2343 36 49
2344 48 5
2345 48 13
2346 48 4
2347 48 12
2348 35 46
2349 36 45
2350 43 21
2351 43 21
2352 48 5
2353 48 13
2354 48 4
2355 48 12
2356 43 43
2357 43 42
2358 43 43
2359 43 42
2360 32 49
2361 32 49
2362 31 50
2363 31 50
2364 32 49
2365 32 49
2366 40 49
2367 39 50
2368 42 47
2369 43 46
2370 42 47
2371 40 49
2372 35 54
2373 42 47
2374 43 46
2375 42 47
2376 42 47
2377 42 47
2378 49 32
2379 46 36
2380 46 35
2381 52 37
2382 46 43
2383 35 44
2384 35 44
2385 33 46
2386 33 46
2387 35 44
2388 35 44
2389 35 45
2390 37 43
2391 33 47
2392 34 46
2393 35 45
2394 37 43
2395 48 33
2396 43 38
2397 43 38
2398 46 36
2399 46 35
2400 53 21
2401 48 24
2402 39 48
2403 39 47
2404 43 44
2405 43 43
2406 43 44
2407 43 43
2408 43 45
2409 43 44
2410 42 16
2411 47 21
2412 41 25
2413 45 21
2414 45 21
2415 45 39
2416 45 39
2417 45 39
2418 45 38
2419 45 38
2420 45 39
2421 45 39
2422 45 38
2423 41 18
2424 44 15
2425 45 14
2426 45 14
2427 44 42
2428 45 41
2429 45 41
2430 45 41
2431 45 41
2432 44 42
2433 42 8
2434 47 23
2435 41 27
2436 45 23
2437 45 23
2438 45 17
2439 45 17
2440 45 17
2441 45 17
2442 45 17
2443 44 12
2444 42 25
2445 48 19
2446 50 17
2447 50 17
2448 48 11
2449 50 9
2450 50 9
2451 48 10
2452 50 8
2453 50 8
2454 50 1
2455 50 1
2456 50 0
2457 50 0
2458 47 5
2459 44 14
2460 43 40
2461 36 45
2462 39 38
2463 37 40
2464 37 40
2465 37 40
2466 39 38
2467 38 39
2468 38 39
2469 38 39
2470 38 39
2471 43 46
2472 46 20
2473 41 27
2474 45 23
2475 45 23
2476 45 39
2477 45 39
2478 45 39
2479 45 38
2480 45 38
2481 45 39
2482 45 39
2483 45 38
2484 46 20
2485 41 25
2486 44 22
2487 45 21
2488 45 21
2489 44 42
2490 45 41
2491 45 41
2492 45 41
2493 45 41
2494 44 42
2495 40 39
2496 39 40
2497 36 43
2498 39 40
2499 33 46
2500 33 46
2501 38 40
2502 38 40
2503 38 40
2504 38 40
2505 33 47
2506 34 46
2507 46 22
2508 41 29
2509 45 25
2510 45 25
2511 45 17
2512 45 17
2513 45 17
2514 45 17
2515 45 17
2516 44 12
2517 51 17
2518 42 25
2519 48 19
2520 50 17
2521 50 17
2522 48 11
2523 50 9
2524 50 9
2525 50 9
2526 48 10
2527 50 8
2528 50 8
2529 50 1
2530 50 1
2531 50 1
2532 50 0
2533 50 0
2534 47 5
2535 44 14
2536 47 8
2537 35 44
2538 35 44
2539 34 44
2540 34 44
2541 34 44
2542 34 44
2543 33 46
2544 33 46
2545 33 47
2546 34 46
2547 39 40
2548 37 40
2549 37 40
2550 37 40
2551 39 40
2552 38 39
2553 38 39
2554 38 39
2555 38 39
2556 37 42
2557 37 42
2558 37 42
2559 33 46
2560 33 46
2561 36 42
2562 36 42
2563 36 42
2564 36 42
2565 33 47
2566 34 46
2567 43 45
2568 42 46
2569 45 43
2570 46 42
2571 45 43
2572 42 46
2573 45 43
2574 46 42
2575 45 43
2576 35 38
2577 35 39
2578 35 38
2579 35 39
2580 40 26
2581 45 25
2582 36 38
2583 48 30
2584 48 29
2585 40 25
2586 45 24
2587 36 37
2588 38 45
2589 40 29
2590 42 31
2591 39 38
2592 40 29
2593 42 31
2594 39 38
2595 40 26
2596 45 25
2597 40 34
2598 48 30
2599 48 29
2600 40 25
2601 45 24
2602 40 33
2603 42 44
2604 42 43
2605 46 40
2606 46 39
2607 46 39
2608 46 40
2609 43 25
2610 45 27
2611 42 34
2612 46 34
2613 43 25
2614 45 27
2615 42 34
2616 46 34
2617 48 21
2618 43 30
2619 51 26
2620 49 32
2621 49 31
2622 42 11
2623 48 20
2624 43 29
2625 51 25
2626 34 49
2627 33 50
2628 33 47
2629 33 47
2630 42 44
2631 42 43
2632 46 40
2633 46 39
2634 46 39
2635 46 40
2636 37 43
2637 39 41
2638 37 43
2639 39 41
2640 43 25
2641 45 27
2642 42 34
2643 46 34
2644 43 25
2645 45 27
2646 42 34
2647 46 34
2648 43 22
2649 48 21
2650 43 30
2651 51 26
2652 49 32
2653 49 31
2654 43 21
2655 48 20
2656 43 29
2657 51 25
2658 34 49
2659 35 45
2660 35 45
2661 35 45
2662 35 45
2663 44 45
2664 50 39
2665 52 29
2666 37 43
2667 36 44
2668 34 46
2669 34 46
2670 37 43
2671 36 44
2672 51 30
2673 50 23
2674 44 27
2675 44 43
2676 44 44
2677 44 42
2678 44 43
2679 44 43
2680 44 44
2681 44 42
2682 44 43
2683 44 43
2684 44 44
2685 48 21
2686 47 14
2687 48 23
2688 46 12
2689 53 17
2690 49 5
2691 39 45
2692 40 40
2693 40 39
2694 37 49
2695 37 51
2696 46 23
2697 47 21
2698 34 46
2699 34 46
2700 46 25
2701 46 12
2702 53 17
2703 49 5
2704 34 46
2705 34 46
2706 40 40
2707 40 39
2708 34 46
2709 34 46
2710 36 38
2711 36 38
2712 49 5
2713 49 6
2714 47 10
2715 49 13
2716 49 4
2717 49 5
2718 47 9
2719 49 12
2720 44 16
2721 44 21
2722 44 16
2723 44 21
2724 49 5
2725 49 6
2726 47 10
2727 49 13
2728 49 4
2729 49 5
2730 47 9
2731 49 12
2732 47 39
2733 47 38
2734 47 39
2735 47 38
2736 47 17
2737 47 17
2738 52 0
2739 52 8
2740 34 47
2741 34 47
2742 47 39
2743 47 38
2744 47 39
2745 47 38
2746 39 42
2747 40 41
2748 39 42
2749 40 41
2750 47 17
2751 47 17
2752 52 1
2753 52 9
2754 52 0
2755 52 8
2756 36 45
2757 36 45
2758 36 45
2759 36 45
2760 45 45
2761 51 39
2762 45 44
2763 44 45
2764 43 46
2765 46 43
2766 47 42
2767 46 43
2768 43 46
2769 46 43
2770 47 42
2771 46 43
2772 38 43
2773 38 43
2774 35 46
2775 35 46
2776 38 43
2777 38 43
2778 39 45
2779 52 23
2780 46 27
2781 45 43
2782 45 42
2783 45 43
2784 45 42
2785 45 43
2786 48 23
2787 46 14
2788 45 41
2789 45 41
2790 44 42
2791 43 43
2792 43 44
2793 43 43
2794 47 40
2795 47 39
2796 47 40
2797 47 39
2798 47 41
2799 47 40
2800 48 27
2801 52 19
2802 50 9
2803 50 1
2804 47 8
2805 47 34
2806 47 34
2807 50 32
2808 50 31
2809 35 49
2810 34 50
2811 40 48
2812 45 38
2813 39 51
2814 52 20
2815 43 44
2816 43 43
2817 47 40
2818 47 39
2819 47 40
2820 47 39
2821 47 41
2822 47 40
2823 39 40
2824 39 40
2825 39 40
2826 39 40
2827 35 46
2828 35 46
2829 39 41
2830 41 39
2831 39 41
2832 40 40
2833 52 29
2834 47 34
2835 47 34
2836 50 32
2837 50 31
2838 57 17
2839 35 44
2840 35 44
2841 35 44
2842 35 44
2843 35 45
2844 36 44
2845 35 45
2846 35 45
2847 35 46
2848 35 46
2849 40 42
2850 40 40
2851 42 41
2852 35 49
2853 37 42
2854 37 42
2855 37 42
2856 37 42
2857 35 46
2858 35 46
2859 37 43
2860 38 42
2861 37 43
2862 38 42
2863 44 44
2864 38 38
2865 38 38
2866 50 5
2867 50 4
2868 50 5
2869 50 4
2870 44 25
2871 46 27
2872 43 34
2873 44 25
2874 46 27
2875 43 34
2876 44 21
2877 49 21
2878 44 30
2879 52 26
2880 52 25
2881 44 20
2882 49 20
2883 44 29
2884 36 47
2885 42 41
2886 42 41
2887 44 25
2888 46 27
2889 43 34
2890 44 25
2891 46 27
2892 43 34
2893 44 22
2894 49 21
2895 44 30
2896 52 26
2897 52 25
2898 44 21
2899 49 20
2900 44 29
2901 38 45
2902 38 45
2903 44 46
2904 44 46
2905 46 43
2906 46 43
2907 46 43
2908 54 29
2909 53 30
2910 46 42
2911 46 42
2912 49 22
2913 48 21
2914 48 39
2915 48 40
2916 48 38
2917 48 39
2918 48 39
2919 48 40
2920 48 38
2921 48 39
2922 48 39
2923 48 40
2924 49 26
2925 56 17
2926 54 17
2927 41 47
2928 41 45
2929 41 39
2930 48 21
2931 48 39
2932 48 40
2933 48 38
2934 48 39
2935 48 39
2936 48 40
2937 48 38
2938 48 39
2939 48 39
2940 48 40
2941 41 39
2942 40 40
2943 40 40
2944 40 40
2945 55 26
2946 54 17
2947 36 44
2948 36 44
2949 36 44
2950 36 44
2951 41 41
2952 41 39
2953 41 39
2954 38 42
2955 38 42
2956 38 42
2957 38 42
2958 47 41
2959 47 41
2960 46 42
2961 45 43
2962 52 5
2963 48 10
2964 52 4
2965 48 9
2966 40 43
2967 37 46
2968 40 43
2969 45 16
2970 45 17
2971 45 16
2972 45 17
2973 52 5
2974 48 10
2975 52 4
2976 48 9
2977 48 12
2978 48 17
2979 48 12
2980 48 17
2981 52 1
2982 51 6
2983 52 9
2984 53 0
2985 53 1
2986 51 5
2987 53 8
2988 37 46
2989 37 46
2990 48 12
2991 48 17
2992 48 12
2993 48 17
2994 53 1
2995 53 2
2996 51 6
2997 53 9
2998 53 0
2999 53 1
3000 51 5
3001 53 8
3002 37 46
3003 47 43
3004 42 47
3005 46 44
3006 46 44
3007 53 37
3008 47 42
3009 47 42
3010 49 40
3011 45 45
3012 45 44
3013 49 40
3014 50 22
3015 51 21
3016 49 39
3017 49 38
3018 49 39
3019 49 38
3020 49 39
3021 47 14
3022 50 22
3023 53 28
3024 53 20
3025 50 26
3026 55 19
3027 57 17
3028 37 47
3029 42 41
3030 44 39
3031 46 38
3032 51 21
3033 49 39
3034 49 38
3035 49 39
3036 49 38
3037 49 39
3038 42 39
3039 42 39
3040 41 40
3041 41 40
3042 43 41
3043 43 41
3044 57 17
3045 37 44
3046 37 44
3047 37 44
3048 37 44
3049 43 39
3050 44 39
3051 39 45
3052 39 45
3053 39 42
3054 39 42
3055 39 42
3056 39 42
3057 39 38
3058 39 39
3059 39 38
3060 39 39
3061 46 16
3062 46 16
3063 45 21
3064 54 0
3065 45 20
3066 54 1
3067 54 0
3068 50 39
3069 50 39
3070 50 39
3071 46 44
3072 50 39
3073 50 39
3074 50 39
3075 48 41
3076 48 42
3077 48 41
3078 48 42
3079 47 42
3080 48 42
3081 46 43
3082 47 43
3083 55 29
3084 41 43
3085 41 44
3086 38 46
3087 38 47
3088 41 43
3089 41 44
3090 54 30
3091 50 38
3092 50 38
3093 53 14
3094 58 17
3095 58 25
3096 38 46
3097 38 47
3098 50 38
3099 50 38
3100 38 46
3101 38 47
3102 57 26
3103 38 46
3104 38 47
3105 40 38
3106 40 38
3107 53 5
3108 53 6
3109 53 4
3110 53 5
3111 48 16
3112 48 16
3113 53 5
3114 53 6
3115 53 4
3116 53 5
3117 49 12
3118 49 13
3119 49 12
3120 49 13
3121 53 1
3122 53 2
3123 52 6
3124 53 9
3125 56 0
3126 52 5
3127 39 44
3128 39 44
3129 44 39
3130 43 40
3131 49 12
3132 49 13
3133 49 12
3134 49 13
3135 56 1
3136 52 6
3137 56 0
3138 52 5
3139 41 42
3140 41 42
3141 52 38
3142 53 37
3143 53 37
3144 45 45
3145 46 44
3146 45 45
3147 46 44
3148 58 32
3149 58 32
3150 58 32
3151 51 38
3152 51 38
3153 47 44
3154 51 38
3155 51 38
3156 49 41
3157 49 41
3158 48 42
3159 47 43
3160 42 43
3161 39 46
3162 42 43
3163 58 17
3164 58 17
3165 58 17
3166 58 19
3167 58 19
3168 39 46
3169 44 39
3170 44 40
3171 45 39
3172 46 38
3173 52 21
3174 53 20
3175 53 20
3176 53 20
3177 53 20
3178 39 46
3179 39 46
3180 42 38
3181 42 38
3182 54 5
3183 54 4
3184 54 5
3185 54 4
3186 50 12
3187 50 12
3188 54 1
3189 50 12
3190 50 12
3191 54 37
3192 47 44
3193 47 44
3194 59 32
3195 54 36
3196 54 36
3197 54 36
3198 54 36
3199 50 41
3200 50 41
3201 49 42
3202 48 43
3203 43 43
3204 40 46
3205 43 43
3206 60 17
3207 62 19
3208 58 14
3209 54 19
3210 59 17
3211 59 25
3212 59 18
3213 40 46
3214 40 44
3215 40 45
3216 40 44
3217 40 45
3218 45 39
3219 47 38
3220 59 20
3221 59 20
3222 40 46
3223 45 39
3224 45 40
3225 44 40
3226 44 41
3227 58 26
3228 40 46
3229 42 42
3230 42 43
3231 42 42
3232 42 43
3233 56 5
3234 56 4
3235 49 16
3236 49 17
3237 49 16
3238 49 17
3239 56 5
3240 56 4
3241 52 12
3242 52 12
3243 56 1
3244 57 0
3245 57 1
3246 52 12
3247 52 12
3248 57 1
3249 57 2
3250 57 0
3251 57 1
3252 43 39
3253 43 39
3254 60 17
3255 41 44
3256 41 44
3257 46 39
3258 48 38
3259 46 39
3260 45 40
3261 43 42
3262 43 42
3263 43 38
3264 43 38
3265 50 16
3266 50 16
3267 58 0
3268 58 1
3269 58 0
3270 59 31
3271 59 31
3272 59 31
3273 59 31
3274 61 25
3275 44 38
3276 44 38
3277 64 17
3278 60 26
3279 60 26
3280 60 26
3281 60 26
3282 60 20
3283 65 19
3284 60 26
3285 60 26
3286 60 26
3287 60 26
3288 60 20
3289 59 14
3290 42 44
3291 42 44
3292 47 39
3293 50 38
3294 47 39
3295 46 40
3296 64 17
3297 44 42
3298 44 42
3299 61 27
3300 61 27
3301 57 5
3302 57 6
3303 57 4
3304 57 5
3305 52 16
3306 52 16
3307 57 5
3308 57 6
3309 57 4
3310 57 5
3311 53 12
3312 53 13
3313 53 12
3314 53 13
3315 57 1
3316 57 2
3317 60 0
3318 53 12
3319 53 13
3320 53 12
3321 53 13
3322 60 1
3323 60 0
3324 60 31
3325 60 31
3326 60 31
3327 60 31
3328 63 25
3329 46 38
3330 46 38
3331 64 20
3332 65 20
3333 65 14
3334 44 44
3335 49 39
3336 49 39
3337 46 42
3338 62 26
3339 62 26
3340 62 26
3341 62 26
3342 62 26
3343 62 26
3344 62 26
3345 62 26
3346 58 5
3347 58 4
3348 58 5
3349 58 4
3350 54 12
3351 54 12
3352 58 1
3353 54 12
3354 54 12
3355 51 38
3356 51 39
3357 62 27
3358 62 28
3359 62 27
3360 62 28
3361 67 17
3362 67 17
3363 60 5
3364 60 4
3365 53 16
3366 53 17
3367 53 16
3368 53 17
3369 60 5
3370 60 4
3371 56 12
3372 56 12
3373 60 1
3374 61 0
3375 61 1
3376 56 12
3377 56 12
3378 61 1
3379 61 2
3380 61 0
3381 61 1
3382 52 38
3383 50 39
3384 50 40
3385 65 25
3386 64 25
3387 64 26
3388 63 27
3389 66 24
3390 66 24
3391 66 24
3392 66 24
3393 63 26
3394 63 27
3395 63 26
3396 63 27
3397 63 26
3398 63 27
3399 63 26
3400 63 27
3401 63 27
3402 63 26
3403 63 27
3404 63 26
3405 63 27
3406 63 26
3407 63 27
3408 63 26
3409 63 27
3410 50 41
3411 47 44
3412 45 46
3413 50 39
3414 65 20
3415 65 20
3416 67 20
3417 65 23
3418 65 23
3419 69 20
3420 66 20
3421 66 20
3422 66 20
3423 66 20
3424 66 14
3425 67 21
3426 54 16
3427 54 16
3428 62 0
3429 62 1
3430 62 0
3431 53 38
3432 51 39
3433 65 25
3434 64 27
3435 64 26
3436 64 26
3437 64 26
3438 64 26
3439 64 27
3440 64 26
3441 64 26
3442 64 26
3443 64 26
3444 51 39
3445 68 17
3446 68 17
3447 71 14
3448 68 20
3449 68 20
3450 68 20
3451 68 20
3452 61 5
3453 61 6
3454 61 4
3455 61 5
3456 56 16
3457 56 16
3458 61 5
3459 61 6
3460 61 4
3461 61 5
3462 57 12
3463 57 13
3464 57 12
3465 57 13
3466 61 1
3467 61 2
3468 64 0
3469 57 12
3470 57 13
3471 57 12
3472 57 13
3473 64 1
3474 64 0
3475 52 39
3476 68 22
3477 66 25
3478 70 20
3479 70 20
3480 70 20
3481 70 20
3482 65 26
3483 65 26
3484 65 26
3485 65 26
3486 65 26
3487 65 26
3488 65 26
3489 65 26
3490 68 21
3491 68 22
3492 52 39
3493 68 20
3494 68 20
3495 62 5
3496 62 4
3497 70 17
3498 62 5
3499 62 4
3500 58 12
3501 58 12
3502 62 1
3503 58 12
3504 58 12
3505 69 22
3506 71 20
3507 71 20
3508 71 20
3509 71 20
3510 69 21
3511 72 18
3512 72 18
3513 72 18
3514 72 18
3515 69 20
3516 69 21
3517 69 20
3518 69 21
3519 69 20
3520 69 21
3521 69 20
3522 69 21
3523 70 20
3524 70 20
3525 75 14
3526 64 5
3527 64 4
3528 57 16
3529 57 17
3530 57 16
3531 57 17
3532 64 5
3533 64 4
3534 60 12
3535 60 12
3536 64 1
3537 65 0
3538 65 1
3539 60 12
3540 60 12
3541 65 1
3542 65 2
3543 65 0
3544 65 1
3545 70 21
3546 70 20
3547 70 20
3548 70 20
3549 70 20
3550 71 17
3551 71 20
3552 71 20
3553 71 20
3554 71 20
3555 58 16
3556 58 16
3557 66 0
3558 66 1
3559 66 0
3560 76 14
3561 76 14
3562 76 14
3563 76 14
3564 71 20
3565 71 20
3566 71 20
3567 71 20
3568 65 5
3569 65 6
3570 65 4
3571 65 5
3572 60 16
3573 60 16
3574 65 5
3575 65 6
3576 65 4
3577 65 5
3578 61 12
3579 61 13
3580 61 12
3581 61 13
3582 65 1
3583 65 2
3584 68 0
3585 61 12
3586 61 13
3587 61 12
3588 61 13
3589 68 1
3590 68 0
3591 77 14
3592 77 14
3593 77 14
3594 77 14
3595 66 5
3596 66 4
3597 66 5
3598 66 4
3599 62 12
3600 62 12
3601 66 1
3602 62 12
3603 62 12
3604 68 5
3605 68 4
3606 61 16
3607 61 17
3608 61 16
3609 61 17
3610 68 5
3611 68 4
3612 64 12
3613 64 12
3614 68 1
3615 69 0
3616 69 1
3617 64 12
3618 64 12
3619 69 1
3620 69 2
3621 69 0
3622 69 1
3623 62 16
3624 62 16
3625 70 0
3626 70 1
3627 70 0
3628 69 5
3629 69 6
3630 69 4
3631 69 5
3632 64 16
3633 64 16
3634 69 5
3635 69 6
3636 69 4
3637 69 5
3638 65 12
3639 65 13
3640 65 12
3641 65 13
3642 69 1
3643 69 2
3644 72 0
3645 65 12
3646 65 13
3647 65 12
3648 65 13
3649 72 1
3650 72 0
3651 70 5
3652 70 4
3653 70 5
3654 70 4
3655 66 12
3656 66 12
3657 70 1
3658 66 12
3659 66 12
3660 65 16
3661 65 17
3662 65 16
3663 65 17
3664 72 5
3665 72 4
3666 72 5
3667 72 4
3668 68 12
3669 68 12
3670 72 1
3671 73 0
3672 73 1
3673 68 12
3674 68 12
3675 73 1
3676 73 2
3677 73 0
3678 73 1
3679 66 16
3680 66 16
3681 74 0
3682 74 1
3683 74 0
3684 68 16
3685 68 16
3686 69 12
3687 69 13
3688 69 12
3689 69 13
3690 69 12
3691 69 13
3692 69 12
3693 69 13
3694 73 5
3695 73 6
3696 73 4
3697 73 5
3698 73 5
3699 73 6
3700 73 4
3701 73 5
3702 73 1
3703 73 2
3704 76 0
3705 76 1
3706 76 0
3707 70 12
3708 70 12
3709 70 12
3710 70 12
3711 74 5
3712 74 4
3713 74 5
3714 74 4
3715 74 1
3716 69 16
3717 69 16
3718 69 16
3719 69 16
3720 72 12
3721 72 12
3722 72 12
3723 72 12
3724 76 5
3725 76 4
3726 76 5
3727 76 4
3728 76 1
3729 77 0
3730 77 1
3731 77 1
3732 77 2
3733 77 0
3734 77 1
3735 71 16
3736 78 0
3737 78 1
3738 78 0
3739 77 5
3740 77 6
3741 77 4
3742 77 5
3743 77 5
3744 77 6
3745 77 4
3746 77 5
3747 73 12
3748 73 12
3749 73 12
3750 73 12
3751 73 12
3752 73 12
3753 73 12
3754 73 12
3755 77 1
3756 77 2
3757 80 0
3758 80 1
3759 80 0
3760 78 5
3761 78 4
3762 78 5
3763 78 4
3764 72 16
3765 78 1
3766 75 12
3767 75 12
3768 79 5
3769 79 4
3770 79 5
3771 79 4
3772 81 0
3773 81 1
3774 81 1
3775 81 2
3776 81 0
3777 81 1
3778 80 1
3779 80 4
3780 80 5
3781 80 4
3782 80 5
3783 82 0
3784 76 12
3785 82 1
3786 82 0
3787 76 12
3788 81 4
3789 81 4
3790 81 1
3791 81 2
3792 83 0
3793 83 1
3794 83 0
3795 82 1
3796 84 0
3797 84 0
3798 84 1
3799 83 4
3800 83 4
3801 83 1
3802 85 0
3803 85 0
3804 84 5
3805 84 5
3806 84 4
3807 84 4
3808 84 1
3809 87 0
3810 85 4
3811 85 4
3812 87 0
3813 86 4
3814 86 4
3815 88 1
3816 88 0
3817 87 4
3818 87 4
3819 89 0
3820 88 1
3821 88 0
3822 90 0
3823 89 0
3824 91 0
3825 90 0
3826 91 0
